Documento 1:
Index     Term           TF        IDF       TF-IDF    
0         aromas         1.0000    0.6931    0.6931    
1         include        1.0000    2.3026    2.3026    
2         tropical       1.0000    2.9957    2.9957    
3         fruit          1.0000    1.6094    1.6094    
4         broom          1.0000    2.9957    2.9957    
5         brimstone      1.0000    2.9957    2.9957    
6         dried          1.3010    2.3026    2.9957    
7         herb           1.0000    2.3026    2.3026    
8         palate         1.0000    0.9163    0.9163    
9         isn            1.0000    2.9957    2.9957    
10        t              1.0000    2.9957    2.9957    
11        overly         1.0000    2.9957    2.9957    
12        expressive     1.0000    2.9957    2.9957    
13        offer          1.0000    1.6094    1.6094    
14        unripened      1.0000    2.9957    2.9957    
15        apple          1.0000    1.6094    1.6094    
16        citrus         1.0000    2.3026    2.3026    
17        dried          1.3010    2.3026    2.9957    
18        sage           1.0000    2.9957    2.9957    
19        brisk          1.0000    2.3026    2.3026    
20        acidity        1.0000    0.9163    0.9163    

Documento 2:
Index     Term           TF        IDF       TF-IDF    
0         ripe           1.0000    1.8971    1.8971    
1         fruity         1.0000    2.3026    2.3026    
2         a              1.0000    0.2877    0.2877    
3         wine           1.0000    0.9163    0.9163    
4         smooth         1.0000    2.9957    2.9957    
5         structured     1.0000    2.9957    2.9957    
6         firm           1.0000    1.8971    1.8971    
7         tannins        1.0000    1.8971    1.8971    
8         fill           1.0000    2.9957    2.9957    
9         juicy          1.0000    1.8971    1.8971    
10        red            1.0000    1.3863    1.3863    
11        berry          1.0000    1.6094    1.6094    
12        fruits         1.0000    1.8971    1.8971    
13        freshened      1.0000    2.9957    2.9957    
14        acidity        1.0000    0.9163    0.9163    
15        s              1.0000    0.7985    0.7985    
16        drinkable      1.0000    2.9957    2.9957    
17        2016           1.0000    2.9957    2.9957    

Documento 3:
Index     Term           TF        IDF       TF-IDF    
0         tart           1.0000    1.8971    1.8971    
1         snappy         1.0000    2.9957    2.9957    
2         flavors        1.3010    1.2040    1.5664    
3         lime           1.0000    2.9957    2.9957    
4         flesh          1.0000    2.9957    2.9957    
5         rind           1.0000    2.3026    2.3026    
6         dominate       1.0000    1.8971    1.8971    
7         green          1.0000    1.6094    1.6094    
8         pineapple      1.0000    1.8971    1.8971    
9         pokes          1.0000    2.9957    2.9957    
10        crisp          1.0000    1.8971    1.8971    
11        acidity        1.0000    0.9163    0.9163    
12        underscoring   1.0000    2.9957    2.9957    
13        flavors        1.3010    1.2040    1.5664    
14        wine           1.0000    0.9163    0.9163    
15        stainless      1.0000    2.9957    2.9957    
16        steel          1.0000    2.9957    2.9957    
17        fermented      1.0000    2.9957    2.9957    

Documento 4:
Index     Term           TF        IDF       TF-IDF    
0         pineapple      1.0000    1.8971    1.8971    
1         rind           1.0000    2.3026    2.3026    
2         lemon          1.0000    2.9957    2.9957    
3         pith           1.0000    2.9957    2.9957    
4         orange         1.0000    2.3026    2.3026    
5         blossom        1.0000    2.9957    2.9957    
6         start          1.0000    2.9957    2.9957    
7         aromas         1.0000    0.6931    0.6931    
8         palate         1.0000    0.9163    0.9163    
9         a              1.3010    0.2877    0.3743    
10        bite           1.0000    2.3026    2.3026    
11        opulent        1.0000    2.9957    2.9957    
12        note           1.0000    1.3863    1.3863    
13        honey          1.0000    2.9957    2.9957    
14        drizzled       1.0000    2.9957    2.9957    
15        guava          1.0000    2.9957    2.9957    
16        mango          1.0000    2.9957    2.9957    
17        give           1.0000    2.3026    2.3026    
18        a              1.3010    0.2877    0.3743    
19        slightly       1.0000    1.8971    1.8971    
20        astringent     1.0000    2.3026    2.3026    
21        semidry        1.0000    2.9957    2.9957    
22        finish         1.0000    1.2040    1.2040    

Documento 5:
Index     Term           TF        IDF       TF-IDF    
0         regular        1.0000    2.9957    2.9957    
1         bottling       1.0000    2.9957    2.9957    
2         2012           1.0000    2.9957    2.9957    
3         rough          1.0000    2.9957    2.9957    
4         tannic         1.0000    1.8971    1.8971    
5         rustic         1.0000    2.9957    2.9957    
6         earthy         1.0000    2.9957    2.9957    
7         herbal         1.0000    2.3026    2.3026    
8         characteristics1.0000    2.9957    2.9957    
9         a              1.4771    0.2877    0.4249    
10        pleasantly     1.0000    2.9957    2.9957    
11        unfussy        1.0000    2.9957    2.9957    
12        country        1.0000    2.9957    2.9957    
13        wine           1.0000    0.9163    0.9163    
14        s              1.0000    0.7985    0.7985    
15        a              1.4771    0.2877    0.4249    
16        good           1.0000    1.8971    1.8971    
17        companion      1.0000    2.9957    2.9957    
18        a              1.4771    0.2877    0.4249    
19        hearty         1.0000    2.9957    2.9957    
20        winter         1.0000    2.9957    2.9957    
21        stew           1.0000    2.9957    2.9957    

Documento 6:
Index     Term           TF        IDF       TF-IDF    
0         blackberry     1.0000    2.3026    2.3026    
1         raspberry      1.0000    2.9957    2.9957    
2         aromas         1.0000    0.6931    0.6931    
3         show           1.0000    2.9957    2.9957    
4         a              1.0000    0.2877    0.2877    
5         typical        1.0000    2.9957    2.9957    
6         navarran       1.0000    2.9957    2.9957    
7         whiff          1.0000    2.9957    2.9957    
8         green          1.0000    1.6094    1.6094    
9         herbs          1.0000    2.9957    2.9957    
10        case           1.0000    2.9957    2.9957    
11        horseradish    1.0000    2.9957    2.9957    
12        mouth          1.0000    2.9957    2.9957    
13        full           1.0000    2.3026    2.3026    
14        bodied         1.0000    2.3026    2.3026    
15        tomatoey       1.0000    2.9957    2.9957    
16        acidity        1.0000    0.9163    0.9163    
17        spicy          1.0000    2.3026    2.3026    
18        herbal         1.0000    2.3026    2.3026    
19        flavors        1.0000    1.2040    1.2040    
20        complement     1.0000    2.9957    2.9957    
21        dark           1.0000    1.8971    1.8971    
22        plum           1.0000    1.6094    1.6094    
23        fruit          1.0000    1.6094    1.6094    
24        finish         1.0000    1.2040    1.2040    
25        fresh          1.0000    1.6094    1.6094    
26        grabby         1.0000    2.9957    2.9957    

Documento 7:
Index     Term           TF        IDF       TF-IDF    
0         s              1.3010    0.7985    1.0389    
1         a              1.0000    0.2877    0.2877    
2         bright         1.0000    2.9957    2.9957    
3         informal       1.0000    2.9957    2.9957    
4         red            1.0000    1.3863    1.3863    
5         open           1.0000    2.3026    2.3026    
6         aromas         1.0000    0.6931    0.6931    
7         candied        1.0000    2.9957    2.9957    
8         berry          1.0000    1.6094    1.6094    
9         white          1.0000    2.9957    2.9957    
10        pepper         1.0000    1.6094    1.6094    
11        savory         1.0000    2.3026    2.3026    
12        herb           1.0000    2.3026    2.3026    
13        carry          1.0000    1.8971    1.8971    
14        palate         1.0000    0.9163    0.9163    
15        s              1.3010    0.7985    1.0389    
16        balance        1.0000    1.6094    1.6094    
17        fresh          1.0000    1.6094    1.6094    
18        acidity        1.0000    0.9163    0.9163    
19        soft           1.0000    2.9957    2.9957    
20        tannins        1.0000    1.8971    1.8971    

Documento 8:
Index     Term           TF        IDF       TF-IDF    
0         dry            1.0000    1.3863    1.3863    
1         restrain       1.0000    2.3026    2.3026    
2         wine           1.0000    0.9163    0.9163    
3         offer          1.0000    1.6094    1.6094    
4         spice          1.0000    2.3026    2.3026    
5         profusion      1.0000    2.9957    2.9957    
6         balance        1.0000    1.6094    1.6094    
7         acidity        1.0000    0.9163    0.9163    
8         a              1.0000    0.2877    0.2877    
9         firm           1.0000    1.8971    1.8971    
10        texture        1.0000    1.8971    1.8971    
11        s              1.0000    0.7985    0.7985    
12        food           1.0000    2.3026    2.3026    

Documento 9:
Index     Term           TF        IDF       TF-IDF    
0         savory         1.0000    2.3026    2.3026    
1         dried          1.0000    2.3026    2.3026    
2         thyme          1.0000    2.9957    2.9957    
3         note           1.0000    1.3863    1.3863    
4         accent         1.0000    2.9957    2.9957    
5         sunnier        1.0000    2.9957    2.9957    
6         flavors        1.0000    1.2040    1.2040    
7         preserve       1.0000    2.9957    2.9957    
8         peach          1.0000    2.9957    2.9957    
9         brisk          1.0000    2.3026    2.3026    
10        dry            1.0000    1.3863    1.3863    
11        wine           1.0000    0.9163    0.9163    
12        s              1.0000    0.7985    0.7985    
13        fruity         1.0000    2.3026    2.3026    
14        fresh          1.0000    1.6094    1.6094    
15        elegant        1.0000    2.9957    2.9957    
16        sprightly      1.0000    2.3026    2.3026    
17        footprint      1.0000    2.9957    2.9957    

Documento 10:
Index     Term           TF        IDF       TF-IDF    
0         great          1.0000    2.9957    2.9957    
1         depth          1.0000    2.9957    2.9957    
2         flavor         1.0000    1.8971    1.8971    
3         fresh          1.0000    1.6094    1.6094    
4         apple          1.0000    1.6094    1.6094    
5         pear           1.0000    2.3026    2.3026    
6         fruits         1.0000    1.8971    1.8971    
7         touch          1.0000    2.9957    2.9957    
8         spice          1.0000    2.3026    2.3026    
9         s              1.0000    0.7985    0.7985    
10        dry            1.0000    1.3863    1.3863    
11        balance        1.0000    1.6094    1.6094    
12        acidity        1.0000    0.9163    0.9163    
13        a              1.0000    0.2877    0.2877    
14        crisp          1.0000    1.8971    1.8971    
15        texture        1.0000    1.8971    1.8971    
16        drink          1.0000    2.9957    2.9957    

Documento 11:
Index     Term           TF        IDF       TF-IDF    
0         a              1.4771    0.2877    0.4249    
1         dry            1.0000    1.3863    1.3863    
2         wine           1.3010    0.9163    1.1921    
3         spicy          1.0000    2.3026    2.3026    
4         a              1.4771    0.2877    0.4249    
5         tight          1.0000    2.9957    2.9957    
6         taut           1.0000    2.9957    2.9957    
7         texture        1.0000    1.8971    1.8971    
8         strongly       1.0000    2.9957    2.9957    
9         mineral        1.0000    2.3026    2.3026    
10        character      1.0000    2.3026    2.3026    
11        layered        1.0000    2.9957    2.9957    
12        citrus         1.0000    2.3026    2.3026    
13        pepper         1.0000    1.6094    1.6094    
14        s              1.0000    0.7985    0.7985    
15        a              1.4771    0.2877    0.4249    
16        food           1.0000    2.3026    2.3026    
17        wine           1.3010    0.9163    1.1921    
18        crisp          1.0000    1.8971    1.8971    
19        aftertaste     1.0000    2.9957    2.9957    

Documento 12:
Index     Term           TF        IDF       TF-IDF    
0         slightly       1.0000    1.8971    1.8971    
1         reduce         1.0000    2.9957    2.9957    
2         wine           1.0000    0.9163    0.9163    
3         offer          1.0000    1.6094    1.6094    
4         a              1.0000    0.2877    0.2877    
5         chalky         1.0000    2.9957    2.9957    
6         tannic         1.0000    1.8971    1.8971    
7         backbone       1.0000    2.9957    2.9957    
8         juicy          1.0000    1.8971    1.8971    
9         explosion      1.0000    2.9957    2.9957    
10        rich           1.0000    2.9957    2.9957    
11        black          1.0000    1.8971    1.8971    
12        cherry         1.0000    1.8971    1.8971    
13        accented       1.0000    2.9957    2.9957    
14        firm           1.0000    1.8971    1.8971    
15        oak            1.0000    1.2040    1.2040    
16        cigar          1.0000    2.3026    2.3026    
17        box            1.0000    2.3026    2.3026    

Documento 13:
Index     Term           TF        IDF       TF-IDF    
0         dominate       1.0000    1.8971    1.8971    
1         oak            1.3010    1.2040    1.5664    
2         oak            1.3010    1.2040    1.5664    
3         drive          1.0000    1.8971    1.8971    
4         aromas         1.0000    0.6931    0.6931    
5         include        1.0000    2.3026    2.3026    
6         roasted        1.0000    2.9957    2.9957    
7         coffee         1.0000    2.9957    2.9957    
8         bean           1.0000    2.9957    2.9957    
9         espresso       1.0000    2.9957    2.9957    
10        coconut        1.0000    2.9957    2.9957    
11        vanilla        1.0000    2.3026    2.3026    
12        carry          1.0000    1.8971    1.8971    
13        palate         1.0000    0.9163    0.9163    
14        plum           1.0000    1.6094    1.6094    
15        chocolate      1.0000    2.9957    2.9957    
16        astringent     1.0000    2.3026    2.3026    
17        drying         1.0000    2.9957    2.9957    
18        tannins        1.0000    1.8971    1.8971    
19        give           1.0000    2.3026    2.3026    
20        a              1.0000    0.2877    0.2877    
21        abrupt         1.0000    2.9957    2.9957    
22        finish         1.0000    1.2040    1.2040    

Documento 14:
Index     Term           TF        IDF       TF-IDF    
0         build          1.0000    2.9957    2.9957    
1         150            1.0000    2.9957    2.9957    
2         years          1.0000    2.9957    2.9957    
3         generations    1.0000    2.9957    2.9957    
4         winemaking     1.0000    2.9957    2.9957    
5         tradition      1.0000    2.9957    2.9957    
6         winery         1.0000    2.9957    2.9957    
7         trends         1.0000    2.9957    2.9957    
8         a              1.0000    0.2877    0.2877    
9         leaner         1.0000    2.9957    2.9957    
10        style          1.0000    2.9957    2.9957    
11        classic        1.0000    2.9957    2.9957    
12        california     1.0000    2.9957    2.9957    
13        buttercream    1.0000    2.9957    2.9957    
14        aroma          1.0000    2.9957    2.9957    
15        cut            1.0000    2.9957    2.9957    
16        tart           1.0000    1.8971    1.8971    
17        green          1.0000    1.6094    1.6094    
18        apple          1.0000    1.6094    1.6094    
19        good           1.0000    1.8971    1.8971    
20        everyday       1.0000    2.9957    2.9957    
21        sipping        1.0000    2.9957    2.9957    
22        wine           1.0000    0.9163    0.9163    
23        flavors        1.0000    1.2040    1.2040    
24        range          1.0000    2.9957    2.9957    
25        pear           1.0000    2.3026    2.3026    
26        barely         1.0000    2.9957    2.9957    
27        ripe           1.0000    1.8971    1.8971    
28        pineapple      1.0000    1.8971    1.8971    
29        prove          1.0000    2.9957    2.9957    
30        approachable   1.0000    2.3026    2.3026    
31        distinctive    1.0000    2.9957    2.9957    

Documento 15:
Index     Term           TF        IDF       TF-IDF    
0         zesty          1.0000    2.9957    2.9957    
1         orange         1.0000    2.3026    2.3026    
2         peels          1.0000    2.9957    2.9957    
3         apple          1.0000    1.6094    1.6094    
4         note           1.0000    1.3863    1.3863    
5         abound         1.0000    2.9957    2.9957    
6         sprightly      1.0000    2.3026    2.3026    
7         mineral        1.0000    2.3026    2.3026    
8         toned          1.0000    2.9957    2.9957    
9         riesling       1.0000    2.9957    2.9957    
10        dry            1.0000    1.3863    1.3863    
11        palate         1.0000    0.9163    0.9163    
12        racy           1.0000    2.9957    2.9957    
13        lean           1.0000    2.9957    2.9957    
14        s              1.0000    0.7985    0.7985    
15        a              1.0000    0.2877    0.2877    
16        refreshing     1.0000    2.9957    2.9957    
17        easy           1.0000    2.9957    2.9957    
18        quaffer        1.0000    2.9957    2.9957    
19        wide           1.0000    2.9957    2.9957    
20        appeal         1.0000    2.9957    2.9957    

Documento 16:
Index     Term           TF        IDF       TF-IDF    
0         bake           1.0000    2.9957    2.9957    
1         plum           1.3010    1.6094    2.0939    
2         molasses       1.0000    2.9957    2.9957    
3         balsamic       1.0000    2.9957    2.9957    
4         vinegar        1.0000    2.9957    2.9957    
5         cheesy         1.0000    2.9957    2.9957    
6         oak            1.0000    1.2040    1.2040    
7         aromas         1.0000    0.6931    0.6931    
8         feed           1.0000    2.9957    2.9957    
9         a              1.4771    0.2877    0.4249    
10        palate         1.0000    0.9163    0.9163    
11        s              1.0000    0.7985    0.7985    
12        braced         1.0000    2.9957    2.9957    
13        a              1.4771    0.2877    0.4249    
14        bolt           1.0000    2.9957    2.9957    
15        acidity        1.0000    0.9163    0.9163    
16        a              1.4771    0.2877    0.4249    
17        compact        1.0000    2.9957    2.9957    
18        set            1.0000    2.9957    2.9957    
19        saucy          1.0000    2.9957    2.9957    
20        red            1.0000    1.3863    1.3863    
21        berry          1.0000    1.6094    1.6094    
22        plum           1.3010    1.6094    2.0939    
23        flavors        1.0000    1.2040    1.2040    
24        feature        1.0000    2.9957    2.9957    
25        tobacco        1.0000    2.3026    2.3026    
26        peppery        1.0000    2.9957    2.9957    
27        accents        1.0000    2.9957    2.9957    
28        finish         1.0000    1.2040    1.2040    
29        mildly         1.0000    2.9957    2.9957    
30        green          1.0000    1.6094    1.6094    
31        flavor         1.0000    1.8971    1.8971    
32        respectable    1.0000    2.9957    2.9957    
33        weight         1.0000    2.9957    2.9957    
34        balance        1.0000    1.6094    1.6094    

Documento 17:
Index     Term           TF        IDF       TF-IDF    
0         raw            1.0000    2.9957    2.9957    
1         black          1.0000    1.8971    1.8971    
2         cherry         1.0000    1.8971    1.8971    
3         aromas         1.0000    0.6931    0.6931    
4         direct         1.0000    2.9957    2.9957    
5         simple         1.0000    2.9957    2.9957    
6         good           1.0000    1.8971    1.8971    
7         a              1.3010    0.2877    0.3743    
8         juicy          1.0000    1.8971    1.8971    
9         feel           1.0000    2.9957    2.9957    
10        thickens       1.0000    2.9957    2.9957    
11        time           1.0000    2.9957    2.9957    
12        oak            1.3010    1.2040    1.5664    
13        character      1.0000    2.3026    2.3026    
14        extract        1.0000    2.9957    2.9957    
15        apparent       1.0000    2.9957    2.9957    
16        a              1.3010    0.2877    0.3743    
17        flavor         1.0000    1.8971    1.8971    
18        profile        1.0000    2.9957    2.9957    
19        drive          1.0000    1.8971    1.8971    
20        dark           1.0000    1.8971    1.8971    
21        berry          1.0000    1.6094    1.6094    
22        fruits         1.0000    1.8971    1.8971    
23        smoldering     1.0000    2.9957    2.9957    
24        oak            1.3010    1.2040    1.5664    
25        finish         1.0000    1.2040    1.2040    
26        meaty          1.0000    2.9957    2.9957    
27        hot            1.0000    2.9957    2.9957    

Documento 18:
Index     Term           TF        IDF       TF-IDF    
0         desiccated     1.0000    2.9957    2.9957    
1         blackberry     1.3010    2.3026    2.9957    
2         leather        1.0000    2.9957    2.9957    
3         charred        1.0000    2.9957    2.9957    
4         wood           1.0000    2.9957    2.9957    
5         mint           1.0000    2.9957    2.9957    
6         aromas         1.3010    0.6931    0.9018    
7         carry          1.0000    1.8971    1.8971    
8         nose           1.0000    2.3026    2.3026    
9         full           1.0000    2.3026    2.3026    
10        bodied         1.0000    2.3026    2.3026    
11        tannic         1.0000    1.8971    1.8971    
12        heavily        1.0000    2.9957    2.9957    
13        oaked          1.0000    2.9957    2.9957    
14        tinto          1.0000    2.9957    2.9957    
15        fino           1.0000    2.9957    2.9957    
16        flavors        1.0000    1.2040    1.2040    
17        clove          1.0000    2.9957    2.9957    
18        woodspice      1.0000    2.9957    2.9957    
19        sit            1.0000    2.9957    2.9957    
20        top            1.0000    2.9957    2.9957    
21        blackberry     1.3010    2.3026    2.9957    
22        fruit          1.0000    1.6094    1.6094    
23        hickory        1.0000    2.9957    2.9957    
24        forceful       1.0000    2.9957    2.9957    
25        oak            1.0000    1.2040    1.2040    
26        base           1.0000    2.9957    2.9957    
27        aromas         1.3010    0.6931    0.9018    
28        rise           1.0000    2.9957    2.9957    
29        dominate       1.0000    1.8971    1.8971    
30        finish         1.0000    1.2040    1.2040    

Documento 19:
Index     Term           TF        IDF       TF-IDF    
0         red            1.0000    1.3863    1.3863    
1         fruit          1.0000    1.6094    1.6094    
2         aromas         1.0000    0.6931    0.6931    
3         pervade        1.0000    2.9957    2.9957    
4         nose           1.0000    2.3026    2.3026    
5         cigar          1.0000    2.3026    2.3026    
6         box            1.0000    2.3026    2.3026    
7         menthol        1.0000    2.9957    2.9957    
8         note           1.3010    1.3863    1.8036    
9         ride           1.0000    2.9957    2.9957    
10        palate         1.0000    0.9163    0.9163    
11        slightly       1.0000    1.8971    1.8971    
12        restrain       1.0000    2.3026    2.3026    
13        entry          1.0000    2.9957    2.9957    
14        open           1.0000    2.3026    2.3026    
15        riper          1.0000    2.9957    2.9957    
16        note           1.3010    1.3863    1.8036    
17        cherry         1.0000    1.8971    1.8971    
18        plum           1.0000    1.6094    1.6094    
19        specked        1.0000    2.9957    2.9957    
20        crushed        1.0000    2.9957    2.9957    
21        pepper         1.0000    1.6094    1.6094    
22        blend          1.0000    2.9957    2.9957    
23        merlot         1.0000    2.9957    2.9957    
24        cabernet       1.3010    2.9957    3.8975    
25        sauvignon      1.0000    2.9957    2.9957    
26        cabernet       1.3010    2.9957    3.8975    
27        franc          1.0000    2.9957    2.9957    
28        approachable   1.0000    2.3026    2.3026    
29        ready          1.0000    2.9957    2.9957    
30        enjoy          1.0000    2.9957    2.9957    

Documento 20:
Index     Term           TF        IDF       TF-IDF    
0         ripe           1.0000    1.8971    1.8971    
1         aromas         1.0000    0.6931    0.6931    
2         dark           1.0000    1.8971    1.8971    
3         berries        1.0000    2.9957    2.9957    
4         mingle         1.0000    2.9957    2.9957    
5         ample          1.0000    2.9957    2.9957    
6         note           1.3010    1.3863    1.8036    
7         black          1.0000    1.8971    1.8971    
8         pepper         1.0000    1.6094    1.6094    
9         toasted        1.0000    2.9957    2.9957    
10        vanilla        1.0000    2.3026    2.3026    
11        dusty          1.0000    2.9957    2.9957    
12        tobacco        1.0000    2.3026    2.3026    
13        palate         1.0000    0.9163    0.9163    
14        oak            1.0000    1.2040    1.2040    
15        drive          1.0000    1.8971    1.8971    
16        nature         1.0000    2.9957    2.9957    
17        note           1.3010    1.3863    1.8036    
18        tart           1.0000    1.8971    1.8971    
19        red            1.0000    1.3863    1.3863    
20        currant        1.0000    2.9957    2.9957    
21        shine          1.0000    2.9957    2.9957    
22        offer          1.0000    1.6094    1.6094    
23        a              1.0000    0.2877    0.2877    
24        bite           1.0000    2.3026    2.3026    
25        levity         1.0000    2.9957    2.9957    

Similitudes coseno entre documentos:
Doc 1: 1.0000, 0.0083, 0.0077, 0.0106, 0.0000, 0.0288, 0.0742, 0.0484, 0.1117, 0.0367, 0.0522, 0.0247, 0.0561, 0.0158, 0.0272, 0.0145, 0.0036, 0.0209, 0.0261, 0.0315
Doc 2: 0.0083, 1.0000, 0.0185, 0.0010, 0.0148, 0.0081, 0.1177, 0.1015, 0.0744, 0.0662, 0.0219, 0.0928, 0.0374, 0.0332, 0.0068, 0.0493, 0.0885, 0.0000, 0.0154, 0.0540
Doc 3: 0.0077, 0.0185, 1.0000, 0.0793, 0.0072, 0.0434, 0.0093, 0.0263, 0.0277, 0.0527, 0.0512, 0.0089, 0.0338, 0.0849, 0.0000, 0.0397, 0.0000, 0.0395, 0.0000, 0.0321
Doc 4: 0.0106, 0.0010, 0.0793, 1.0000, 0.0012, 0.0146, 0.0138, 0.0015, 0.0171, 0.0011, 0.0015, 0.0343, 0.1108, 0.0220, 0.0629, 0.0191, 0.0150, 0.0131, 0.0481, 0.0721
Doc 5: 0.0000, 0.0148, 0.0072, 0.0012, 1.0000, 0.0372, 0.0088, 0.0210, 0.0126, 0.0076, 0.0175, 0.0404, 0.0010, 0.0259, 0.0056, 0.0051, 0.0260, 0.0217, 0.0000, 0.0009
Doc 6: 0.0288, 0.0081, 0.0434, 0.0146, 0.0372, 1.0000, 0.0354, 0.0116, 0.0329, 0.0335, 0.0476, 0.0007, 0.0347, 0.0225, 0.0006, 0.0617, 0.0374, 0.1366, 0.0337, 0.0298
Doc 7: 0.0742, 0.1177, 0.0093, 0.0138, 0.0088, 0.0354, 1.0000, 0.0737, 0.0960, 0.0893, 0.0419, 0.0009, 0.0876, 0.0006, 0.0167, 0.0826, 0.0285, 0.0330, 0.0895, 0.0572
Doc 8: 0.0484, 0.1015, 0.0263, 0.0015, 0.0210, 0.0116, 0.0737, 1.0000, 0.0531, 0.2734, 0.2128, 0.1156, 0.0012, 0.0096, 0.0357, 0.0480, 0.0014, 0.0000, 0.0604, 0.0367
Doc 9: 0.1117, 0.0744, 0.0277, 0.0171, 0.0126, 0.0329, 0.0960, 0.0531, 1.0000, 0.0610, 0.0398, 0.0089, 0.0000, 0.0155, 0.0858, 0.0155, 0.0000, 0.0104, 0.0185, 0.0223
Doc 10: 0.0367, 0.0662, 0.0527, 0.0011, 0.0076, 0.0335, 0.0893, 0.2734, 0.0610, 1.0000, 0.1259, 0.0010, 0.0009, 0.0632, 0.0537, 0.0678, 0.0705, 0.0000, 0.0000, 0.0009
Doc 11: 0.0522, 0.0219, 0.0512, 0.0015, 0.0175, 0.0476, 0.0419, 0.2128, 0.0398, 0.1259, 1.0000, 0.0138, 0.0012, 0.0088, 0.0753, 0.0065, 0.0484, 0.0000, 0.0206, 0.0260
Doc 12: 0.0247, 0.0928, 0.0089, 0.0343, 0.0404, 0.0007, 0.0009, 0.1156, 0.0089, 0.0010, 0.0138, 1.0000, 0.0192, 0.0065, 0.0008, 0.0122, 0.1099, 0.0378, 0.1371, 0.0716
Doc 13: 0.0561, 0.0374, 0.0338, 0.1108, 0.0010, 0.0347, 0.0876, 0.0012, 0.0000, 0.0009, 0.0012, 0.0192, 1.0000, 0.0005, 0.0075, 0.0561, 0.0617, 0.0742, 0.0268, 0.1004
Doc 14: 0.0158, 0.0332, 0.0849, 0.0220, 0.0259, 0.0225, 0.0006, 0.0096, 0.0155, 0.0632, 0.0088, 0.0065, 0.0005, 1.0000, 0.0157, 0.0207, 0.0204, 0.0070, 0.0262, 0.0433
Doc 15: 0.0272, 0.0068, 0.0000, 0.0629, 0.0056, 0.0006, 0.0167, 0.0357, 0.0858, 0.0537, 0.0753, 0.0008, 0.0075, 0.0157, 1.0000, 0.0103, 0.0008, 0.0000, 0.0214, 0.0264
Doc 16: 0.0145, 0.0493, 0.0397, 0.0191, 0.0051, 0.0617, 0.0826, 0.0480, 0.0155, 0.0678, 0.0065, 0.0122, 0.0561, 0.0207, 0.0103, 1.0000, 0.0616, 0.0263, 0.0359, 0.0661
Doc 17: 0.0036, 0.0885, 0.0000, 0.0150, 0.0260, 0.0374, 0.0285, 0.0014, 0.0000, 0.0705, 0.0484, 0.1099, 0.0617, 0.0204, 0.0008, 0.0616, 1.0000, 0.0232, 0.0246, 0.0962
Doc 18: 0.0209, 0.0000, 0.0395, 0.0131, 0.0217, 0.1366, 0.0330, 0.0000, 0.0104, 0.0000, 0.0000, 0.0378, 0.0742, 0.0070, 0.0000, 0.0263, 0.0232, 1.0000, 0.0447, 0.0131
Doc 19: 0.0261, 0.0154, 0.0000, 0.0481, 0.0000, 0.0337, 0.0895, 0.0604, 0.0185, 0.0000, 0.0206, 0.1371, 0.0268, 0.0262, 0.0214, 0.0359, 0.0246, 0.0447, 1.0000, 0.0590
Doc 20: 0.0315, 0.0540, 0.0321, 0.0721, 0.0009, 0.0298, 0.0572, 0.0367, 0.0223, 0.0009, 0.0260, 0.0716, 0.1004, 0.0433, 0.0264, 0.0661, 0.0962, 0.0131, 0.0590, 1.0000
